1725023522.000,3990936
trialNum,ObjShowTime,ReactionTime,StimType,Guess,Correct
1,7502884,7902820,3,3,1
2,8715032,9043296,3,3,1
3,10074508,10520652,1,1,1
4,11579988,12069292,2,2,1
5,12732608,13161744,1,1,1
6,14511080,14883284,2,1,0
7,16357596,16696148,2,2,1
8,17551432,17844588,1,1,1
9,18731920,18972552,1,1,1
10,20314900,20597116,1,1,1
11,21718504,22046572,3,2,0
12,22954924,23523212,3,3,1
13,24036572,24580736,1,1,1
14,25850064,26174364,1,2,0
15,27096744,27508600,2,3,0
16,28698960,29321412,1,1,1
17,30300788,30582772,2,1,0
18,31586160,32079264,2,3,0
19,32913620,33468148,1,1,1
20,34883500,35363440,2,2,1
21,36453768,36860588,2,2,1
22,37908948,38290236,2,2,1
23,39633632,39996976,2,2,1
24,41054304,41333864,1,1,1
25,41864216,42201796,1,1,1
26,43180124,43411964,3,3,1
27,44658320,44977360,2,2,1
28,46314712,46612164,2,1,0
29,47814512,48244632,1,1,1
30,49360996,49729048,3,2,0
31,50623400,51204708,1,1,1
32,51917036,52192960,2,1,0
33,53395312,53775300,2,2,1
34,54652680,54814004,2,2,1
35,56024356,56245920,2,2,1
36,57501320,57697804,1,2,0
37,58751132,59034724,1,1,1
38,60300100,60706752,3,2,0
39,61626136,62201588,1,1,1
40,63355924,63745412,3,3,1
41,64744776,65072568,3,3,1
42,66207928,66961488,2,2,1
43,68139868,68632352,3,3,1
44,69882704,70215892,1,1,1
45,71196272,71724952,3,3,1
46,72502316,73149164,2,2,1
47,74617520,75253724,3,3,1
48,75987088,76827908,2,2,1
49,78018324,78321832,2,2,1
50,79525184,79878832,1,1,1
51,80703188,81172628,2,3,0
52,82527012,82983744,3,3,1
53,83951108,84279448,3,3,1
54,85649804,86144428,2,2,1
55,87513808,87994808,1,2,0
56,89291200,89774708,2,2,1
57,90944068,91444400,2,2,1
58,92326780,92754712,1,1,1
59,93353044,93792372,1,1,1
60,94940760,95460376,2,3,0
61,96689764,97240452,1,1,1
62,98697884,99435884,3,3,1
63,100692248,101208076,3,3,1
64,102542524,103081420,2,2,1
65,103628836,104214524,1,1,1
66,105157972,105673560,2,2,1
67,106223008,106747544,3,3,1
68,108125988,108469600,2,2,1
69,109151076,109412464,2,2,1
70,110070904,110542304,1,1,1
71,111335728,111719088,3,3,1
72,112636528,113093916,1,3,0
73,113988392,114504732,2,2,1
74,115968176,116298980,1,1,1
75,117333460,117732820,2,2,1
76,118689272,118941296,2,2,1
77,119591740,119998920,3,3,1
78,120635368,121102456,2,2,1
79,122117920,122469944,1,1,1
80,123050368,123438360,2,2,1
81,124435808,124784700,3,3,1
82,125770144,126157848,2,2,1
83,127413288,127651328,1,1,1
84,129046748,129297148,1,1,1
85,129859592,130197648,1,1,1
86,130887120,131200204,1,1,1
87,132319644,132817276,3,2,0
88,133937764,134517728,2,2,1
89,135556176,135891416,1,1,1
90,136739864,136979656,1,1,1
91,138013132,138412620,2,3,0
92,139749064,140159556,3,3,1
93,141090980,141448148,2,2,1
94,142420616,142630980,2,2,1
95,143773448,144211380,1,1,1
96,145026820,145229072,1,1,1
97,145968520,146389180,1,1,1
98,147418660,147783852,2,2,1
99,148710324,148989188,2,2,1
100,150354664,150794464,3,1,0
101,151666000,151994656,1,1,1
102,153019176,153364200,2,2,1
103,154376692,154604520,2,2,1
104,155140040,155746852,1,3,0
105,156845312,157235560,1,1,1
106,158498024,158734180,1,1,1
107,160227668,160947688,1,1,1
108,162411176,162926496,2,2,1
109,164128992,164831372,1,1,1
110,165727884,166335480,3,3,1
111,167243976,167513292,3,3,1
112,168836816,169063356,3,2,0
113,170163872,170334340,2,3,0
114,171069872,171525220,3,3,1
115,172581732,172889664,3,3,1
116,174004152,174527696,2,1,0
117,175165212,175731304,2,2,1
118,176760796,177135964,1,1,1
119,178467452,178887384,2,2,1
120,179437848,180050856,3,3,1
121,181519380,182302368,1,2,0
122,183161860,183796484,2,1,0
123,184439980,185224464,3,3,1
124,186360960,186697144,1,1,1
125,187361608,187748780,1,1,1
126,189095244,189488724,1,1,1
127,190186252,190491416,1,1,1
128,191682908,191953812,2,1,0
129,193400340,193830492,1,1,1
130,195085980,195580336,3,2,0
131,196875836,197291944,2,2,1
132,198618436,199486728,3,3,1
133,200568224,201084432,2,2,1
134,202097896,202605688,3,3,1
135,203850208,204252640,1,1,1
136,205545132,205964068,2,2,1
137,207192588,207518004,2,2,1
138,208453520,209008884,3,3,1
139,209750380,210467360,2,2,1
140,210995888,211322224,2,2,1
141,212049720,212311412,2,2,1
142,212887880,213416244,1,1,1
143,214839736,215216356,3,3,1
144,215955852,216318796,2,2,1
145,217490316,217881324,3,3,1
146,218868816,219441524,3,2,0
147,220636016,220948768,3,3,1
148,222213264,222459888,3,3,1
149,223826412,224274316,2,2,1
150,225084812,225611356,3,3,1
151,226993844,227343788,1,1,1
152,228278280,228714688,2,2,1
153,229945244,230581640,3,3,1
154,231665136,232129216,1,2,0
155,233273676,233974236,2,2,1
156,235349728,235796380,1,1,1
157,236667904,237039296,3,3,1
158,237672768,238058792,3,3,1
159,238756316,239119108,3,3,1
160,240039628,240628068,2,2,1
161,241665568,242216488,3,3,1
162,243138952,243774460,3,3,1
163,244492980,244926748,2,2,1
164,246277244,246715652,3,3,1
165,247973148,248470224,1,1,1
166,249442728,250161488,3,3,1
167,251586956,251813320,2,2,1
168,253071816,253391448,1,1,1
169,254447916,255071932,2,3,0
170,255586404,256143224,2,3,0
171,256934744,257178112,2,2,1
172,257810576,257991192,3,2,0
173,258621660,259067264,3,3,1
174,260007748,260240252,3,3,1
175,260819764,261155480,2,1,0
176,262576968,262960760,2,1,0
177,263962244,264313428,1,1,1
178,265516912,265832652,1,1,1
179,267323208,267691392,2,2,1
180,268678880,268883428,3,2,0
181,269613912,270368856,1,1,1
182,271123368,271692856,2,2,1
183,272638344,272903368,2,2,1
184,273976880,274356100,1,3,0
185,275044596,275344412,1,1,1
186,276112928,276343128,1,1,1
187,277203616,277645660,3,3,1
188,279140152,279575076,2,2,1
189,280989568,281195272,2,2,1
190,281774792,282150000,2,2,1
191,283289512,283818144,1,1,1
192,284834700,285099408,3,1,0
193,286233876,286691188,1,1,1
194,287954708,288530492,3,2,0
195,289856012,290377860,1,1,1
196,290966372,291783748,2,2,1
197,292802264,293254108,3,3,1
198,294405636,294816440,1,1,1
199,295883904,296240956,1,1,1
200,297640480,298112672,2,2,1
201,299491160,299807664,2,2,1
202,300713160,301049872,3,1,0
203,302473364,302784236,1,1,1
204,303586764,304103604,3,2,0
205,305494136,305953216,2,2,1
206,306926684,307188952,3,2,0
207,307840488,308380668,2,2,1
208,309827188,310230804,3,3,1
209,311015320,311450040,1,1,1
210,312346528,313184804,3,1,0
211,314450272,314982888,3,3,1
212,315797376,316297488,2,1,0
213,316951016,317287004,2,2,1
214,318722500,319570340,1,1,1
215,320443840,321045844,1,1,1
216,322463336,322976996,2,2,1
217,324101488,324508660,3,3,1
218,325967196,326354264,1,1,1
219,327119756,327616268,3,2,0
220,328287796,328963928,3,3,1
221,329618448,330197632,2,2,1
222,331378124,332015708,2,2,1
223,332644220,333047460,1,3,0
224,334203924,335281624,3,1,0
225,336634092,337603072,1,1,1
226,338584556,338961860,1,1,1
227,340133352,340625044,3,3,1
228,341548540,341919112,2,2,1
229,342780604,343490496,3,3,1
230,344926020,345351092,2,2,1
231,346044628,346449072,1,1,1
232,347601584,348332764,3,3,1
233,349519228,350128116,1,1,1
234,350795632,351199168,1,1,1
235,351805664,352276464,3,2,0
236,352956988,353547728,2,2,1
237,354493220,355136744,2,2,1
238,356634264,357510480,3,3,1
239,358154968,358642876,1,1,1
240,359757396,360283784,1,1,1
241,361590284,362565188,2,2,1
242,363561676,363917568,2,2,1
243,365334092,365678164,1,3,0
244,366436672,366967524,3,3,1
245,368319024,368858644,2,2,1
246,369391140,369872564,2,2,1
247,371284028,371780964,1,1,1
