1725027437.000,3012428
trialNum,ObjShowTime,ReactionTime,StimType,Guess,Correct
1,6523332,6769972,3,3,1
2,7653208,7925152,3,3,1
3,9306364,9747172,2,2,1
4,10391384,10743364,3,3,1
5,11846680,12152088,1,1,1
6,13418416,13630088,1,1,1
7,14848368,15051748,1,1,1
8,15631084,15905852,2,1,0
9,16761160,17163556,1,1,1
10,18497904,18880048,3,3,1
11,19435400,19862792,1,1,1
12,20533168,20848152,2,2,1
13,21782504,22024968,2,1,0
14,22904320,23202680,2,2,1
15,24412060,24878388,3,3,1
16,26151768,26486232,2,2,1
17,27820596,28089068,1,2,0
18,28966428,29248732,3,2,0
19,30115080,30429784,1,1,1
20,31057116,31410392,2,2,1
21,32264776,32549100,3,2,0
22,33445488,33854636,3,3,1
23,35035052,35259652,3,3,1
24,36491032,36832380,1,1,1
25,37557764,37798024,3,3,1
26,38326376,38768216,2,2,1
27,39476548,39909500,2,2,1
28,41148888,41341256,3,3,1
29,41888632,42128372,1,2,0
30,42832756,43114256,1,1,1
31,44411608,44741480,3,3,1
32,45893812,46191912,1,1,1
33,46841268,47103800,3,3,1
34,48042136,48357856,1,1,1
35,49564212,49866264,1,1,1
36,51317660,51632700,1,1,1
37,53129056,53476760,2,3,0
38,54898152,55204440,2,2,1
39,55959772,56334164,1,1,1
40,56922496,57159108,2,2,1
41,58331472,58624860,3,2,0
42,59389192,59682172,1,1,1
43,60556532,60850688,3,3,1
44,62051048,62281164,2,2,1
45,63008548,63344848,3,3,1
46,64252204,64523580,3,3,1
47,65190932,65513032,1,2,0
48,66407388,66692336,3,3,1
49,68170756,68471832,1,1,1
50,69324184,69687028,3,2,0
51,70482356,70863944,3,3,1
52,72040320,72357164,1,1,1
53,72892516,73207844,2,2,1
54,74647224,75070324,2,2,1
55,76201708,76673412,2,2,1
56,77833804,78126868,1,1,1
57,79092228,79597428,3,3,1
58,81058824,81438252,1,1,1
59,82461608,82682544,2,2,1
60,83511900,83827372,1,1,1
61,84949728,85196264,3,3,1
62,85977668,86222568,3,3,1
63,86922924,87432324,2,2,1
64,88233704,88531792,2,2,1
65,89403144,89732724,1,1,1
66,90500080,90771388,2,2,1
67,91784776,92055976,2,2,1
68,92979344,93191672,2,2,1
69,94633004,94838232,2,2,1
70,96142560,96452196,3,3,1
71,97614552,98000320,2,2,1
72,99043680,99297912,2,2,1
73,100397244,100660264,3,3,1
74,101751732,102062292,3,3,1
75,103220808,103654368,1,1,1
76,105018844,105292456,1,1,1
77,105883872,106207724,2,2,1
78,107685136,108083964,1,1,1
79,109392412,109679836,1,1,1
80,110684288,110984108,2,2,1
81,112443556,112787984,3,3,1
82,114179404,114437652,2,3,0
83,115183104,115526404,2,2,1
84,116613848,116858448,2,2,1
85,117402864,117730188,1,1,1
86,118757640,119034804,3,3,1
87,120246284,120578536,1,1,1
88,121947020,122327192,2,2,1
89,123040660,123403612,1,1,1
90,124003080,124288800,2,2,1
91,125544276,125891804,3,3,1
92,126411276,126681272,3,3,1
93,127371748,127703976,3,3,1
94,128685428,128948300,2,2,1
95,130102776,130703220,1,1,1
96,132151672,132428204,3,3,1
97,133456648,133779304,3,3,1
98,134495780,134832996,2,2,1
99,136156448,136429344,1,1,1
100,137912820,138226752,3,3,1
101,139162304,139527248,1,1,1
102,140713760,140986312,2,2,1
103,142245832,142574284,3,3,1
104,143169748,143502324,2,2,1
105,144011848,144278972,2,2,1
106,145305460,145600092,3,3,1
107,146175584,146422912,1,1,1
108,147322432,147587296,2,2,1
109,148273808,148633088,1,1,1
110,149626572,149867372,3,3,1
111,151129892,151505012,2,2,1
112,152317536,152537924,1,1,1
113,153944424,154208808,1,1,1
114,155134312,155415492,1,1,1
115,156009020,156310940,3,3,1
116,157404404,157727100,2,2,1
117,159068564,159340256,3,3,1
118,160071724,160584476,3,3,1
119,161379992,161732416,1,1,1
120,162416912,162685968,3,3,1
121,163890460,164092080,1,1,1
122,165205596,165504536,1,1,1
123,166850028,167182312,3,2,0
124,167945836,168263424,1,1,1
125,169583920,169850260,3,3,1
126,171321720,171621252,1,1,1
127,172942788,173396896,3,3,1
128,174800420,175021548,1,1,1
129,176279036,176543576,1,1,1
130,177183068,177469404,2,2,1
131,178910920,179119860,1,1,1
132,179766360,180079872,2,2,1
133,180861400,181163380,2,1,0
134,182470840,182818268,2,2,1
135,184071768,184275936,3,3,1
136,185435432,185660492,2,2,1
137,186974004,187255000,1,2,0
138,188067516,188372696,3,3,1
139,189712188,189957508,1,1,1
140,191339040,191625812,2,2,1
141,192495300,192768436,2,2,1
142,194120900,194429168,3,3,1
143,195700692,195989028,3,3,1
144,196782500,197116468,1,1,1
145,198113952,198416412,1,1,1
146,199133924,199450720,2,3,0
147,200661208,200953540,1,1,1
148,201991032,202307736,1,1,1
149,203575244,203907724,3,3,1
150,204763192,204998028,2,2,1
151,206242520,206459580,3,1,0
152,207207068,207507256,2,3,0
153,208248808,208580368,3,3,1
154,209213892,209479548,2,3,0
155,210600048,210929456,2,2,1
156,212173948,212507792,1,1,1
157,213587280,213977536,3,3,1
158,215144032,215492660,2,2,1
159,216959144,217437508,2,2,1
160,217956000,218264008,3,1,0
161,219246492,219587852,3,3,1
162,220418348,220742576,1,1,1
163,221476068,221792208,2,2,1
164,222544724,223062724,3,3,1
165,223659192,223927100,3,3,1
166,224538664,225213324,2,2,1
167,225897816,226188336,1,1,1
168,226804820,227073736,2,2,1
169,228085228,228429932,1,1,1
170,229084416,229423152,3,3,1
171,230259668,230546128,3,3,1
172,231867596,232123000,2,2,1
173,233316464,233601104,1,1,1
174,234204624,234490128,2,3,0
175,235401624,235685820,2,2,1
176,237009316,237201892,2,2,1
177,237971376,238237212,3,2,0
178,239310700,239691464,2,2,1
179,240714972,241022284,3,3,1
180,242090772,242392652,1,1,1
181,243667124,243955492,3,3,1
182,244959008,245281616,1,1,1
183,246035136,246366604,3,3,1
184,247387096,247652588,1,1,1
185,248491084,248906428,1,1,1
186,250337920,250717780,3,3,1
187,251288272,251584104,3,3,1
188,252911592,253262188,3,3,1
189,254356656,254639896,1,1,1
190,255272424,255533048,1,1,1
191,256716568,257066552,2,2,1
192,258028092,258269120,2,2,1
193,259273640,259486012,2,2,1
194,260836500,261220036,1,1,1
195,262700528,263030976,2,2,1
196,263758484,263968260,3,2,0
197,265077744,265460924,3,3,1
198,266060436,266302340,3,3,1
199,267027836,267515476,1,1,1
200,268282940,268615540,1,1,1
201,270076036,270379320,2,3,0
202,271244844,271555628,2,2,1
203,272990140,273233312,2,2,1
204,274168800,274723600,3,3,1
205,276029160,276394176,2,2,1
206,277368692,277716552,3,3,1
207,278739020,279012720,1,1,1
208,280136212,280502312,2,2,1
209,281344828,281583248,3,2,0
210,282758744,283111204,1,1,1
211,284271700,284604720,1,1,1
212,285170252,285468040,1,1,1
213,286952500,287249736,2,2,1
214,288035204,288314204,2,2,1
215,289356724,289579092,3,3,1
216,291025608,291410864,2,2,1
217,292632380,292921412,3,2,0
218,293811964,294144368,2,2,1
219,295413832,295769296,1,1,1
220,296617816,296895172,3,3,1
221,298219640,298579872,1,1,1
222,299699368,299958264,2,2,1
223,301379760,301697544,3,3,1
224,302372016,302727880,1,2,0
225,303970340,304252528,2,2,1
226,305350996,305678252,2,2,1
