1725374780.000,3025304
trialNum,ObjShowTime,ReactionTime,StimType,Guess,Correct
1,6538272,7211836,1,1,1
2,8596052,9189728,3,3,1
3,9902964,10271400,1,1,1
4,11370632,11776772,3,3,1
5,12771080,13098756,2,1,0
6,14239044,14600596,2,2,1
7,15136908,15494944,2,2,1
8,16988232,17435832,2,2,1
9,18932136,19235552,1,1,1
10,20111904,20653408,2,2,1
11,21985796,22357616,2,2,1
12,23334944,24083300,3,3,1
13,24997656,25504392,2,2,1
14,26164752,26685884,2,2,1
15,27985244,28426180,3,3,1
16,29675540,30075936,2,2,1
17,31405288,31649744,1,1,1
18,32640104,33118908,3,2,0
19,34366256,34713708,3,2,0
20,35339080,35836440,1,1,1
21,36694796,37449844,1,1,1
22,38296224,39086016,2,2,1
23,39888444,40392340,1,1,1
24,41132692,41543596,1,1,1
25,42380984,43085092,3,3,1
26,44546444,44993116,3,3,1
27,46042448,46530292,1,1,1
28,47880652,48221924,2,2,1
29,48788280,49200060,2,2,1
30,49805420,50491344,3,3,1
31,51630732,52071144,3,3,1
32,53539500,53901348,2,2,1
33,54502700,54907144,1,1,1
34,55788520,56219180,1,1,1
35,57608512,58111112,3,2,0
36,59344540,59746112,3,3,1
37,60927480,61393808,1,1,1
38,62082168,62662556,3,3,1
39,63437916,63864224,1,1,1
40,64382608,65151972,3,3,1
41,66634360,67030308,1,1,1
42,67607660,68040924,1,1,1
43,68560280,68993000,1,1,1
44,70450356,70878424,3,3,1
45,72090784,72351896,2,2,1
46,73310244,73725940,3,3,1
47,74794308,75233040,1,1,1
48,76010392,76484140,2,2,1
49,77476540,78034996,3,3,1
50,79508380,80010524,2,2,1
51,81166904,81477700,1,1,1
52,82506056,82864052,1,1,1
53,83744436,84188452,1,1,1
54,85558836,85979312,2,2,1
55,87315664,87819068,3,3,1
56,88817424,89373852,2,2,1
57,90172228,90543120,3,3,1
58,91948508,92441480,2,2,1
59,93162844,93604440,3,3,1
60,94635796,95037160,1,1,1
61,96335516,96840308,3,3,1
62,97506680,97931016,3,3,1
63,99262380,99752972,3,3,1
64,100264332,100657884,3,3,1
65,101468304,102087976,2,2,1
66,103579452,103994472,1,1,1
67,104924940,105396736,3,3,1
68,105910180,106445416,1,1,1
69,107244832,107627384,3,3,1
70,108156856,108853456,1,1,1
71,109507900,109920824,2,3,0
72,110595244,111246132,2,2,1
73,112232576,112579216,3,3,1
74,113736664,114388192,2,2,1
75,115835700,116220532,1,1,1
76,117218972,117580228,1,1,1
77,118270672,118776216,3,3,1
78,120263664,120656420,2,2,1
79,121164840,121590456,2,2,1
80,122721904,123176700,1,1,1
81,124030116,124413268,1,1,1
82,125441748,125861344,1,1,1
83,126713784,127204280,2,2,1
84,127751760,128212392,3,3,1
85,129069836,129416760,3,3,1
86,130023204,130406400,3,3,1
87,131123872,131634936,2,2,1
88,132174424,132544824,3,3,1
89,133724272,134181488,3,3,1
90,135460908,135896516,2,2,1
91,136902940,137540972,2,2,1
92,138273448,138752508,1,1,1
93,139657948,140034216,1,1,1
94,141245660,141617152,2,2,1
95,142295632,142674188,2,2,1
96,143929640,144403400,3,3,1
97,145142848,145636604,2,2,1
98,146816056,147235368,3,3,1
99,148137812,148520164,1,2,0
100,149628628,149959552,1,1,1
101,151238120,151773416,2,2,1
102,152663936,153013728,3,3,1
103,153773196,154425464,2,2,1
104,155392976,155834208,1,1,1
105,156924728,157331008,2,2,1
106,158562468,158898024,1,1,1
107,159673520,160001664,1,1,1
108,161127152,161634624,3,3,1
109,162193144,162562940,3,3,1
110,163450464,163921736,3,3,1
111,164934256,165511832,2,2,1
112,166233296,166658380,1,1,1
113,167512868,167884488,2,1,0
114,168580016,169126200,3,3,1
115,169703692,170114596,3,3,1
116,170901088,171361528,2,2,1
117,172231016,172869644,3,3,1
118,174281132,174698220,3,3,1
119,175207680,175881532,2,2,1
120,177183028,177514268,1,1,1
121,178828792,179472748,2,2,1
122,180322236,180709632,2,2,1
123,181691152,182091660,1,1,1
124,183498188,184059048,2,2,1
125,185164564,185537020,2,2,1
126,186994508,187436304,1,1,1
127,188481840,189072488,2,2,1
128,189774976,190177228,2,2,1
129,191383724,191768524,3,3,1
130,192593024,193489156,2,2,1
131,194195652,194578932,2,2,1
132,195968392,196300472,1,1,1
133,197720960,198217428,1,1,1
134,198725892,199231260,3,3,1
135,199964756,200334720,3,3,1
136,201050188,201488952,1,1,1
137,202398444,202787732,1,1,1
138,203734228,204359848,3,3,1
139,205152340,205597528,2,2,1
140,206219084,206851832,2,2,1
141,208069348,208573276,3,3,1
142,209103796,209569036,2,2,1
143,210540564,211100228,3,3,1
144,211778692,212245864,2,2,1
145,212760348,213295880,1,1,1
146,214262400,214633036,1,1,1
147,215585524,216006528,3,3,1
148,216726052,217066280,3,3,1
149,217766804,218163152,3,3,1
150,219022644,219469260,1,1,1
151,220007720,220461140,3,3,1
152,221055656,221797968,2,2,1
153,223100508,223585780,3,3,1
154,224976244,225429904,1,1,1
155,225980392,226377984,1,1,1
156,227827504,228373192,2,2,1
157,229833680,230259860,3,3,1
158,230921352,231806152,2,3,0
159,232387640,232830652,1,1,1
160,233927152,234363612,3,3,1
161,235412096,235827344,1,1,1
162,236830836,237472812,1,1,1
163,238672332,239170920,3,3,1
164,240044388,240547984,1,1,1
165,241399496,241909824,1,1,1
166,242991356,243366156,3,3,1
167,243951656,244644588,2,2,1
168,245301108,245715592,3,1,0
169,246327084,246853052,2,2,1
170,247587544,248023728,1,1,1
171,248611192,249046676,3,3,1
172,250202144,250715788,1,1,1
173,252111256,252486980,1,1,1
174,253908508,254286512,3,3,1
175,255640004,256210128,1,1,1
176,257466620,258232904,2,2,1
177,259068400,259451612,3,3,1
178,260098080,260593404,1,1,1
179,261781940,262330928,1,1,1
180,262875392,263384592,2,2,1
181,264276056,265062488,3,3,1
182,265861996,266206244,3,3,1
183,267319736,267782016,2,2,1
184,269163544,269537744,1,1,1
185,270132232,270515560,1,1,1
186,271635052,272035516,2,2,1
187,273047012,273392320,2,2,1
188,273948788,274565172,3,3,1
189,275389660,276114368,2,2,1
190,277532864,277899568,1,1,1
191,279112064,279479780,1,2,0
192,280528288,281332024,2,2,1
193,282143544,282535012,2,2,1
194,283424528,283795980,3,3,1
195,284870468,285189144,1,1,1
196,286522636,286942184,2,2,1
197,287830708,288305356,3,3,1
198,289552892,290002304,2,3,0
199,290505768,290909684,3,3,1
200,291567180,291946684,1,1,1
201,293260200,293763348,1,1,1
202,294838876,295252648,2,2,1
203,296437112,297006600,3,3,1
204,297831088,298267304,3,3,1
205,299278840,299731244,1,1,1
206,300905740,301419176,2,2,1
207,302500672,302923664,2,2,1
208,303705160,304395292,2,2,1
209,305638784,306033800,3,3,1
210,306968320,307766768,2,2,1
211,308326260,308701180,1,1,1
