1725022431.000,3933088
trialNum,ObjShowTime,ReactionTime,StimType,Guess,Correct
1,7444984,7662096,1,1,1
2,8724292,8917228,1,1,1
3,9606400,9799752,1,1,1
4,11129920,11311980,1,1,1
5,11853252,12127056,1,1,1
6,13536300,13732376,1,1,1
7,14371644,14661952,1,1,1
8,15561252,15841680,1,1,1
9,17230952,17538404,1,1,1
10,18610744,18814684,1,1,1
11,19547000,19791460,1,1,1
12,21220752,21459668,1,1,1
13,22481956,22686420,1,1,1
14,23242728,23580456,1,1,1
15,24779768,25024792,1,1,1
16,25904136,26175280,1,1,1
17,26978568,27341272,1,1,1
18,28609556,28872804,1,1,1
19,29693112,30007712,1,1,1
20,30925036,31145148,1,1,1
21,32411480,33044316,1,1,1
22,34117624,34447788,1,1,1
23,35128168,35417568,1,1,1
24,36220880,36458564,1,1,1
25,37080904,37561364,1,1,1
26,38250680,38454364,1,1,1
27,39207704,39426144,1,1,1
28,40061484,40280548,1,1,1
29,40972864,41180744,1,1,1
30,41845028,42060452,1,1,1
31,42856744,43070368,1,1,1
32,44450704,44662500,1,1,1
33,45887784,46122716,1,1,1
34,46852032,47077948,1,1,1
35,47695236,47900212,1,1,1
36,49088572,49365660,1,1,1
37,50400972,50603432,1,1,1
38,51234780,51479432,1,1,1
39,52211752,52395368,1,1,1
40,53087716,53288152,1,1,1
41,54310484,54510288,1,1,1
42,55738576,55918976,1,1,1
43,56951324,57117408,1,1,1
44,57914696,58082444,1,1,1
45,58818756,58966748,1,1,1
46,60395068,60572636,1,1,1
47,61163952,61451848,1,1,1
48,62419140,62601532,1,1,1
49,63710912,63836416,1,1,1
50,64730752,64912992,1,1,1
51,66234304,66440016,1,1,1
52,67690320,67893516,1,1,1
53,68689856,68867168,1,1,1
54,69948484,70116892,1,1,1
55,70882204,71059984,1,1,1
56,71612300,71793120,1,1,1
57,72545416,72727704,1,1,1
58,74138048,74315216,1,1,1
59,75212528,75397300,1,1,1
60,75944640,76123764,1,1,1
61,76764076,76900592,1,1,1
62,77914976,78114496,1,1,1
63,79377792,79527028,1,1,1
64,80182340,80361392,1,1,1
65,81440732,81630976,1,1,1
66,82889292,83051460,1,1,1
67,83966804,84063624,1,1,1
68,84646944,84815932,1,1,1
69,86317244,86502028,1,1,1
70,87872344,88024744,1,1,1
71,88720056,88887856,1,1,1
72,89988148,90141540,1,1,1
73,91091852,91266416,1,1,1
74,92519740,92658824,1,1,1
75,93373200,93550876,1,1,1
76,94513192,94684920,1,1,1
77,95785216,95980892,1,1,1
78,96936216,97098228,1,1,1
79,98335544,98500672,1,1,1
80,99194980,99341700,1,1,1
81,100465024,100634644,1,1,1
82,102127076,102316392,1,1,1
83,103342824,103558640,1,1,1
84,104401016,104575420,1,1,1
85,105333796,105526796,1,1,1
86,106748172,106916004,1,1,1
87,107782404,107958236,1,1,1
88,108816684,108983288,1,1,1
89,109964692,110131756,1,1,1
90,111138132,111708040,1,1,1
91,112687448,112898732,1,1,1
92,113805132,113995232,1,1,1
93,114819644,115013664,1,1,1
94,116371088,116584384,1,1,1
95,117964820,118315876,1,1,1
96,118905312,119077548,1,1,1
97,120136928,120325908,1,1,1
98,121622308,121830680,1,1,1
99,123291120,123475488,1,1,1
100,124850888,125045256,1,1,1
101,126421744,126589092,1,1,1
102,127261560,127480036,1,1,1
103,128242512,128469948,1,1,1
104,129173424,129375080,1,1,1
105,130861560,131033760,1,1,1
106,131694212,131892772,1,1,1
107,133285188,133440876,1,1,1
108,134467320,134659312,1,1,1
109,135426780,135604476,1,1,1
110,136229928,136411932,1,1,1
111,136946404,137134552,1,1,1
112,137676972,137862408,1,1,1
113,138737852,138931364,1,1,1
114,140105852,140276616,1,1,1
115,141017100,141205956,1,1,1
116,142621400,142836972,1,1,1
117,144034452,144217596,1,1,1
118,145230020,145442072,1,1,1
119,146915528,147101396,1,1,1
120,147667844,147874012,1,1,1
121,148464480,148638452,1,1,1
122,149306932,149490512,1,1,1
123,150639964,150835260,1,1,1
124,151474736,151647260,1,1,1
125,152420712,152554636,1,1,1
126,153234108,153403184,1,1,1
127,154739700,154937968,1,1,1
128,155478392,155730940,1,1,1
129,157025396,157087008,1,1,1
130,158074492,158252984,1,1,1
131,158916460,159117084,1,1,1
132,160571544,160722400,1,1,1
133,161982820,162143084,1,1,1
134,162734564,162938368,1,1,1
135,163440796,163614800,1,1,1
136,164806272,164994536,1,1,1
137,166099988,166287288,1,1,1
138,167478772,167695352,1,1,1
139,168386808,168624708,1,1,1
140,169209168,169664804,1,1,1
141,170896272,171136108,1,1,1
142,172125552,172310216,1,1,1
143,172883664,173115628,1,1,1
144,174589084,174769168,1,1,1
145,176005648,176253464,1,1,1
146,176939908,177163148,1,1,1
147,178486604,178687088,1,1,1
148,179788556,179971980,1,1,1
149,180945464,181143168,1,1,1
150,182275620,182580972,1,1,1
151,183492420,183691680,1,1,1
152,184203128,184420504,1,1,1
153,185368984,185550980,1,1,1
154,186432452,186626052,1,1,1
155,188057524,188213844,1,1,1
156,189486268,189668080,1,1,1
157,190672556,190887720,1,1,1
158,192099196,192297604,1,1,1
159,193612028,193806672,1,1,1
160,194437128,194705932,1,1,1
161,195709352,195877884,1,1,1
162,196892360,197070264,1,1,1
163,197730684,197891772,1,1,1
164,199357220,199544560,1,1,1
165,200999016,201225168,1,1,1
166,201786664,202003052,1,1,1
167,203302496,203464932,1,1,1
168,204380388,204575032,1,1,1
169,205832492,205998560,1,1,1
170,207472980,207644584,1,1,1
171,208736064,208901800,1,1,1
172,209617224,209792152,1,1,1
173,210970632,211158580,1,1,1
174,211690032,211874228,1,1,1
175,212731676,212925152,1,1,1
176,214202576,214449776,1,1,1
177,215918224,216091812,1,1,1
178,217008256,217240268,1,1,1
179,218147756,218317064,1,1,1
180,218889516,219101240,1,1,1
181,219846688,220002912,1,1,1
182,220858360,221039096,1,1,1
183,221980544,222167448,1,1,1
184,223558876,223743156,1,1,1
185,225054632,225239092,1,1,1
186,226662544,226847312,1,1,1
187,228162732,228350384,1,1,1
188,229228808,229423560,1,1,1
189,230295984,230484512,1,1,1
190,231345960,231600592,1,1,1
191,232870016,233094948,1,1,1
192,234067480,234260676,1,1,1
193,235670148,235859012,1,1,1
194,237353492,237543856,1,1,1
195,238423284,238602272,1,1,1
196,240062716,240265264,1,1,1
197,240894732,241106492,1,1,1
198,241932944,242121228,1,1,1
199,243475652,243661908,1,1,1
200,244940384,245133120,1,1,1
