1725020247.000,3813188
trialNum,ObjShowTime,ReactionTime,StimType,Guess,Correct
1,7324052,7502692,1,1,1
2,8314856,8523400,1,1,1
3,9554568,9697532,1,1,1
4,10756728,10872880,1,1,1
5,11537168,11700828,1,1,1
6,13048068,13201604,1,1,1
7,14676896,14849884,1,1,1
8,15705128,15908352,1,1,1
9,16794620,16976984,1,1,1
10,18320312,18501768,1,1,1
11,19622076,19791464,1,1,1
12,20699780,20876632,1,1,1
13,21390972,21655588,1,1,1
14,22926924,23074908,1,1,1
15,23997244,24165552,1,1,1
16,25356888,25524948,1,1,1
17,26502236,26714464,1,1,1
18,27716784,27867192,1,1,1
19,28702524,28975844,1,1,1
20,30391156,30635320,1,1,1
21,31726636,31957220,1,1,1
22,33006552,33220972,1,1,1
23,34564328,34854684,1,1,1
24,35911972,36195792,1,1,1
25,36725084,37130644,1,1,1
26,38110980,38288972,1,1,1
27,39535288,39671764,1,1,1
28,41010108,41146064,1,1,1
29,42348372,42549680,1,1,1
30,42348372,43665440,1,1,1
31,44942784,45182576,1,1,1
32,45847868,46160108,1,1,1
33,47120420,47400688,1,1,1
34,48782004,49085684,1,1,1
35,50238028,50456164,1,1,1
36,51471456,51595240,1,1,1
37,53066624,53342948,1,1,1
38,54065232,54333320,1,1,1
39,55026660,55509896,1,1,1
40,56220240,56506228,1,1,1
41,57369572,57597256,1,1,1
42,58343572,58557828,1,1,1
43,60013172,60167304,1,1,1
44,61006640,61278772,1,1,1
45,62038064,62246148,1,1,1
46,63049492,63344168,1,1,1
47,63934488,64220716,1,1,1
48,65580028,65773020,1,1,1
49,66848328,66995384,1,1,1
50,67503756,67870724,1,1,1
51,69272068,69449936,1,1,1
52,70622252,70972716,1,1,1
53,71683056,71936884,1,1,1
54,72930228,73320008,1,1,1
55,74676296,74902328,1,1,1
56,75827648,76147492,1,1,1
57,77077784,77387248,1,1,1
58,78461564,78665244,1,1,1
59,79576564,79973440,1,1,1
60,80839760,81071108,1,1,1
61,82465444,82681624,1,1,1
62,83566908,83792336,1,1,1
63,85070688,85258028,1,1,1
64,86440312,86638860,1,1,1
65,87146196,87485144,1,1,1
66,88019468,88304268,1,1,1
67,89300580,89557192,1,1,1
68,90879536,91066444,1,1,1
69,91992784,92195960,1,1,1
70,93178304,93393156,1,1,1
71,94160496,94406704,1,1,1
72,95277040,95499936,1,1,1
73,96985228,97200828,1,1,1
74,97721144,98137580,1,1,1
75,98846872,99080476,1,1,1
76,99962856,100197548,1,1,1
77,101069904,101204472,1,1,1
78,101902884,102158176,1,1,1
79,103451616,103637056,1,1,1
80,104911480,105097668,1,1,1
81,106312044,106502996,1,1,1
82,107322396,107498584,1,1,1
83,108027988,108250128,1,1,1
84,109043556,109195452,1,1,1
85,110278848,110453620,1,1,1
86,111165052,111389764,1,1,1
87,111901196,112610624,1,1,1
88,113486032,113636840,1,1,1
89,114431260,114592328,1,1,1
90,115871732,116023016,1,1,1
91,116595420,116770020,1,1,1
92,118217444,118340904,1,1,1
93,119595312,119755488,1,1,1
94,120516868,120698648,1,1,1
95,121296056,121474116,1,1,1
96,122147544,122360540,1,1,1
97,123480940,123693368,1,1,1
98,124315776,124482612,1,1,1
99,124315776,125885464,1,1,1
100,126811892,126975912,1,1,1
101,128340372,128515320,1,1,1
102,129386812,129559748,1,1,1
103,130584220,130750536,1,1,1
104,131764012,131934696,1,1,1
105,132468116,132677616,1,1,1
106,133778092,133937796,1,1,1
107,135201248,135368344,1,1,1
108,136860764,137014564,1,1,1
109,138479044,138678588,1,1,1
110,139882064,140037540,1,1,1
111,140932988,141125308,1,1,1
112,142033756,142169344,1,1,1
113,143492824,143628096,1,1,1
114,144728576,144896184,1,1,1
115,145631672,145822104,1,1,1
116,146876528,147060176,1,1,1
117,148174624,148322848,1,1,1
118,148958264,149167540,1,1,1
119,150196984,150366112,1,1,1
120,151697568,151891200,1,1,1
121,152443676,152696784,1,1,1
122,152443676,154163684,1,1,1
123,155594104,155788120,1,1,1
124,156496596,156707532,1,1,1
125,157744984,157920320,1,1,1
126,159398788,159766108,1,1,1
127,160418556,160609568,1,1,1
128,161286044,161725516,1,1,1
129,162689036,162878904,1,1,1
130,164082348,164264828,1,1,1
131,165610304,165793640,1,1,1
132,166846116,167164528,1,1,1
133,168411972,168585316,1,1,1
134,169865792,170027752,1,1,1
135,171347176,171555608,1,1,1
136,172822092,172989260,1,1,1
137,174308712,174486036,1,1,1
138,175667460,175848032,1,1,1
139,177258476,177428552,1,1,1
140,178782024,178927452,1,1,1
141,179516936,179712768,1,1,1
142,180527260,180696664,1,1,1
143,182165112,182341124,1,1,1
144,183516552,183672132,1,1,1
145,184288588,184519728,1,1,1
146,185975172,186120428,1,1,1
147,186752904,186930668,1,1,1
148,187598088,187757884,1,1,1
149,188869364,189044488,1,1,1
150,190451940,190618600,1,1,1
151,191740052,191939516,1,1,1
152,193180976,193362804,1,1,1
153,194728260,194917576,1,1,1
154,195839024,196038312,1,1,1
155,196684812,196880204,1,1,1
156,197524656,197714596,1,1,1
157,198307020,198491232,1,1,1
158,199696680,199843904,1,1,1
159,200722376,200908952,1,1,1
160,201932420,202071592,1,1,1
161,202806040,202987212,1,1,1
162,204172636,204333736,1,1,1
163,205255196,205439908,1,1,1
164,206671392,206671416,1,1,1
165,207362864,207544224,1,1,1
166,208849704,209011524,1,1,1
167,209690980,209864648,1,1,1
168,211160144,211281972,1,1,1
169,212550444,212721476,1,1,1
170,214030952,214200216,1,1,1
171,215127696,215300740,1,1,1
172,216373184,216529848,1,1,1
173,217708324,217887500,1,1,1
174,219073984,219256480,1,1,1
175,219965936,220137532,1,1,1
176,221069008,221219380,1,1,1
177,222319800,222480728,1,1,1
178,223326176,223490380,1,1,1
179,224629800,224765556,1,1,1
180,225484984,225661500,1,1,1
181,226236992,226426188,1,1,1
182,227668636,227759148,1,1,1
183,228730624,228897512,1,1,1
184,230033968,230170304,1,1,1
185,230940732,231097184,1,1,1
186,232112664,232294428,1,1,1
187,232896876,233071000,1,1,1
188,234542420,234666836,1,1,1
189,235675316,235836476,1,1,1
190,236564956,236781224,1,1,1
191,237356672,237565144,1,1,1
192,238412624,238568664,1,1,1
193,239846140,239991688,1,1,1
194,240928216,241046624,1,1,1
195,242289100,242610728,1,1,1
196,243840152,243998896,1,1,1
197,245326372,245512472,1,1,1
198,246415952,246591604,1,1,1
199,247270076,247476884,1,1,1
200,248966308,249145416,1,1,1
