2768,1,1,1
28,44323384,44570800,1,1,1
1725373931.000,3320736
trialNum,ObjShowTime,ReactionTime,StimType,Guess,Correct
1,6832632,7044260,1,1,1
2,8298452,8549504,1,1,1
3,9921676,10148532,1,1,1
4,11345748,11571648,1,1,1
5,12935932,13141208,1,1,1
6,14067488,14304204,1,1,1
7,15077480,15292556,1,1,1
8,16779848,17004536,1,1,1
9,18260828,18588576,1,1,1
10,19864860,20094236,1,1,1
11,20747548,21014956,1,1,1
12,21989292,22195480,1,1,1
13,23006816,23217544,1,1,1
14,24306856,24512620,1,1,1
15,25781956,26005040,1,1,1
16,27102328,27312000,1,1,1
17,28564344,28752244,1,1,1
18,30113588,30350360,1,1,1
19,31445700,31652388,1,1,1
20,32537676,32740816,1,1,1
21,33265132,33670044,1,1,1
22,34740364,34939864,1,1,1
23,36207240,36371964,1,1,1
24,37311280,37540956,1,1,1
25,39026296,39219140,1,1,1
26,40024460,40277520,1,1,1
27,41642828,41856928,1,1,1
28,42767268,42976480,1,1,1
29,43587792,43847576,1,1,1
30,44492896,44682680,1,1,1
31,45474992,45686312,1,1,1
32,46859600,47035736,1,1,1
33,48364084,48592184,1,1,1
34,49735524,50174556,1,1,1
35,50857872,51173016,1,1,1
36,51776372,51990824,1,1,1
37,52879164,53079648,1,1,1
38,54479936,54688528,1,1,1
39,55286816,55576632,1,1,1
40,56771944,56972864,1,1,1
41,58242156,58439704,1,1,1
42,59692044,59923008,1,1,1
43,61144296,61366524,1,1,1
44,62719864,62936100,1,1,1
45,63859444,64109900,1,1,1
46,64946216,65172620,1,1,1
47,66250928,66455236,1,1,1
48,67242556,67442376,1,1,1
49,68357732,68571780,1,1,1
50,69418068,69627940,1,1,1
51,71083256,71284504,1,1,1
52,72562796,72788516,1,1,1
53,74234828,74437868,1,1,1
54,75355180,75570364,1,1,1
55,76247708,76490056,1,1,1
56,77170396,77362172,1,1,1
57,77879496,78075100,1,1,1
58,79171444,79352476,1,1,1
59,80656768,80855028,1,1,1
60,82046348,82249052,1,1,1
61,83364396,83532544,1,1,1
62,84754872,84945756,1,1,1
63,86439044,86656604,1,1,1
64,87393912,87756880,1,1,1
65,88314196,88524552,1,1,1
66,89661844,89862172,1,1,1
67,91063488,91253480,1,1,1
68,91941796,92159252,1,1,1
69,93273600,93456416,1,1,1
70,94501756,94708236,1,1,1
71,95252528,95616696,1,1,1
72,96292988,96473700,1,1,1
73,97928012,98117348,1,1,1
74,99548664,99771888,1,1,1
75,100814220,101021552,1,1,1
76,101538960,101909352,1,1,1
77,102971764,103166096,1,1,1
78,104647524,104834688,1,1,1
79,105371100,105725428,1,1,1
80,106236832,106446056,1,1,1
81,107569460,107760292,1,1,1
82,108806696,109008932,1,1,1
83,109873332,110080664,1,1,1
84,110829068,111020080,1,1,1
85,112301484,112484732,1,1,1
86,113301132,113524428,1,1,1
87,114142832,114455352,1,1,1
88,115351804,115546556,1,1,1
89,116551928,116734096,1,1,1
90,117674528,117877268,1,1,1
91,118584652,118925152,1,1,1
92,119987556,120178564,1,1,1
93,121139000,121312232,1,1,1
94,122118676,122322268,1,1,1
95,123681704,123884528,1,1,1
96,124589964,124808976,1,1,1
97,125892376,126104292,1,1,1
98,127093696,127319648,1,1,1
99,128725032,128934112,1,1,1
100,129640516,129913844,1,1,1
101,131302360,131553520,1,1,1
102,132532996,132778572,1,1,1
103,133671992,133878540,1,1,1
104,134404016,134742512,1,1,1
105,136160956,136369552,1,1,1
106,137706004,138074036,1,1,1
107,139361484,139598028,1,1,1
108,141095496,141302428,1,1,1
109,142552872,142791616,1,1,1
110,144226092,144425476,1,1,1
111,145060896,145346268,1,1,1
112,146512712,146800140,1,1,1
113,147891560,148087776,1,1,1
114,148880296,149098784,1,1,1
115,150003268,150244212,1,1,1
116,151463692,151691340,1,1,1
117,152317816,152726208,1,1,1
118,154220636,154446864,1,1,1
119,155556344,155767436,1,1,1
120,156660864,156930032,1,1,1
121,157756484,158028420,1,1,1
122,159183864,159371804,1,1,1
123,160841256,161044644,1,1,1
124,161771116,162065584,1,1,1
125,163057036,163264652,1,1,1
126,164755120,164927692,1,1,1
127,166196212,166576328,1,1,1
128,167606804,167815192,1,1,1
129,169113640,169305640,1,1,1
130,170055064,170383456,1,1,1
131,171478928,171690112,1,1,1
132,172878580,173049352,1,1,1
133,174182776,174386668,1,1,1
134,174922088,175207272,1,1,1
135,176409724,176607160,1,1,1
136,177193636,177703596,1,1,1
137,178748040,178955252,1,1,1
138,180142728,180331976,1,1,1
139,181793424,181983320,1,1,1
140,183308836,183485388,1,1,1
141,184228876,184447620,1,1,1
142,185204040,185403980,1,1,1
143,186076404,186299032,1,1,1
144,186989476,187211096,1,1,1
145,188473516,188647168,1,1,1
146,189179648,189590892,1,1,1
147,190779336,190976068,1,1,1
148,191898540,192113600,1,1,1
149,192937052,193149576,1,1,1
150,193967024,194185636,1,1,1
151,195443064,195627744,1,1,1
152,196158192,196484300,1,1,1
153,197733792,197924644,1,1,1
154,198846120,199069188,1,1,1
155,200253612,200429152,1,1,1
156,201627596,201790240,1,1,1
157,202479692,202790428,1,1,1
158,203887852,204080940,1,1,1
159,204651420,204897512,1,1,1
160,206188996,206371056,1,1,1
161,207207508,207436832,1,1,1
162,208240304,208467876,1,1,1
163,209816352,210031888,1,1,1
164,210637368,210890764,1,1,1
165,211927212,212143376,1,1,1
166,213407864,213616192,1,1,1
167,214902636,215255640,1,1,1
168,216545088,216732884,1,1,1
169,217908340,218132856,1,1,1
170,219400276,219638456,1,1,1
171,221044876,221249308,1,1,1
172,222362756,222572576,1,1,1
173,223278044,223515936,1,1,1
174,224322412,224548452,1,1,1
175,225958900,226162744,1,1,1
176,226911216,227157008,1,1,1
177,228398456,228594048,1,1,1
178,229726468,229915380,1,1,1
179,231381900,231547740,1,1,1
180,232076220,232407448,1,1,1
181,233186896,233413756,1,1,1
182,234698236,234924348,1,1,1
183,236045832,236230652,1,1,1
184,236750100,237016772,1,1,1
185,237682228,237877220,1,1,1
186,238426700,238639960,1,1,1
187,239517440,239718360,1,1,1
188,240988836,241176844,1,1,1
189,242006300,242270404,1,1,1
190,243269856,243465212,1,1,1
191,244467688,244680304,1,1,1
192,245623792,245763440,1,1,1
193,246581884,246786460,1,1,1
194,247513904,247839552,1,1,1
195,248915004,249124784,1,1,1
196,250454232,250685108,1,1,1
197,251454536,251706944,1,1,1
198,252997396,253174112,1,1,1
199,254076560,254284748,1,1,1
200,255692200,255884224,1,1,1
