RTC lost power, let's set the time!
1738844990.000,3769664
ObjShowTime,ReactionTime,StimType,Guess,Correct
60927592,61335872,1,1,1
62091256,62358160,1,1,1
63592548,63789540,1,1,1
64670928,64893372,1,1,1
65558764,65768708,1,1,1
66365088,66549896,1,1,1
67212276,67383012,1,1,1
68263400,68457700,1,1,1
69237076,69391620,1,1,1
70713000,71051700,1,1,1
72346088,72563908,1,1,1
73489288,73720348,1,1,1
74271728,74544584,1,1,1
75074964,75310576,1,1,1
76779960,77007276,1,1,1
77664660,77889176,1,1,1
79254572,79487684,1,1,1
80377072,80614668,1,1,1
81551056,81762800,1,1,1
82864188,83085236,1,1,1
84557616,84773796,1,1,1
85297192,85589940,1,1,1
86640328,86846872,1,1,1
87507260,87684844,1,1,1
88992228,89281508,1,1,1
90719904,90928272,1,1,1
91502660,91763556,1,1,1
93030940,93223528,1,1,1
94493916,94798512,1,1,1
95889900,96073748,1,1,1
97345136,97566888,1,1,1
98473264,98663800,1,1,1
99711188,99885720,1,1,1
100592112,100799148,1,1,1
101573628,101741024,1,1,1
102713508,102866832,1,1,1
104019312,104305276,1,1,1
105647748,105850256,1,1,1
107231724,107529624,1,1,1
108559100,108752148,1,1,1
110147624,110371080,1,1,1
111810548,111985736,1,1,1
113402208,113614460,1,1,1
114485932,114676748,1,1,1
115273220,115495444,1,1,1
116612920,116793980,1,1,1
117953444,118150772,1,1,1
118770252,118956468,1,1,1
120291948,120476308,1,1,1
121693788,121864832,1,1,1
122943308,123141976,1,1,1
124122444,124323312,1,1,1
125099788,125294344,1,1,1
125838816,126070676,1,1,1
127480160,127667000,1,1,1
129074484,129253724,1,1,1
130214196,130377508,1,1,1
131692988,131863408,1,1,1
132662892,132836120,1,1,1
133878596,134056644,1,1,1
135329116,135635940,1,1,1
136411424,136609076,1,1,1
137312556,137523232,1,1,1
138245708,138470080,1,1,1
139190560,139424204,1,1,1
140180688,140409416,1,1,1
141679896,141888788,1,1,1
142900268,143097352,1,1,1
144420832,144604828,1,1,1
145889308,146073868,1,1,1
147249352,147465756,1,1,1
148900232,149104264,1,1,1
150436732,150645572,1,1,1
151743052,151971856,1,1,1
153190332,153367596,1,1,1
153941080,154197656,1,1,1
155442136,155663264,1,1,1
157059744,157227508,1,1,1
158238992,158527652,1,1,1
159317136,159491360,1,1,1
160887844,161083444,1,1,1
161804920,162031776,1,1,1
162555248,162787904,1,1,1
163326376,163590044,1,1,1
164392532,164633576,1,1,1
166062060,166256116,1,1,1
167620592,167833000,1,1,1
168413480,168648648,1,1,1
169165128,169390456,1,1,1
170600924,170814924,1,1,1
171687392,171902972,1,1,1
173060444,173253364,1,1,1
174629832,174823412,1,1,1
176218896,176411116,1,1,1
177450592,177652880,1,1,1
179138348,179339072,1,1,1
180159552,180350264,1,1,1
181143744,181314956,1,1,1
182794440,182975288,1,1,1
184086768,184266516,1,1,1
185180988,185368472,1,1,1
